[1, 40, 24, 68, 56, 26, 102]
[1, 73, 76, 23, 75, 59, 102]
[1, 28, 70, 31, 52, 21, 33, 71, 102]
[1, 29, 30, 79, 35, 36, 78, 102]
[1, 13, 77, 80, 4, 55, 25, 81, 102]
[1, 6, 84, 62, 86, 38, 94, 102]
[1, 96, 99, 17, 87, 92, 101, 102]
[1, 102]
[1, 102]
[1, 63, 12, 91, 11, 102]
[1, 41, 54, 27, 102]
[1, 46, 83, 19, 85, 61, 90, 102]
[1, 102]
[1, 34, 82, 51, 69, 102]
[1, 93, 43, 16, 88, 58, 98, 102]
[1, 3, 22, 74, 42, 57, 5, 102]
[1, 53, 7, 102]
[1, 102]
[1, 15, 45, 39, 44, 14, 102]
[1, 37, 48, 20, 9, 47, 18, 102]
[1, 64, 65, 50, 49, 102]
[1, 66, 72, 10, 67, 2, 102]
[1, 32, 89, 8, 102]
[1, 60, 100, 95, 97, 102]
[1, 102]
1642.876874710345
